mean =  [125.29415787 124.45118985 110.21921282]
std =  [55.01867887 55.51381507 53.3248078 ]